week_year,eur_total,usd_total,unique_customers,prev_week_customers,customer_delta
2024-W1,0,15346.80,1,,
2025-W1,30340.52,25566.37,634,1.0,633.0
2025-W2,54004.46,30010.98,954,634.0,320.0
2025-W3,64359.02,29419.29,942,954.0,-12.0
2025-W4,62306.10,35946.09,981,942.0,39.0
2025-W5,56107.81,29475.36,891,981.0,-90.0
2025-W6,61513.78,38918.45,981,891.0,90.0
2025-W7,55219.69,40589.28,1001,981.0,20.0
2025-W8,97963.57,38446.52,1021,1001.0,20.0
2025-W9,22582.53,47719.23,500,1021.0,-521.0
